1.
Mean: -0.601783697082
Std: 2.29724181326
Max: 4.782969
Min: -35.9159794923

Mean: -0.642542622942
Std: 2.45172014655
Max: 4.782969
Min: -31.8830077464

2.


3.
Mean: 3.94819360076
Std: 0.663226375753
Max: 4.782969
Min: 0.984770902184

Mean: 3.94862262921
Std: 0.67183467322
Max: 4.782969
Min: 1.21576654591

4.

